TDT...
Mean: (2.5%, 10%, 50%, 90%, 97.5%)
 X4612:  1.50453 (-0.93860, -0.50178,  0.31375,  1.09831,  1.52840)
X36978:  1.46034 (-2.05520, -1.62505, -0.86659, -0.10882,  0.31346)
X16239: -1.43863 (-1.86283, -1.44144, -0.69699,  0.04516,  0.40346)
X71727: -1.42674 (-0.81288, -0.41947,  0.29337,  1.01449,  1.36104)
X16238: -1.42473 (-1.49702, -1.11019, -0.42567,  0.30973,  0.71947)
X54640:  1.30528 ( 0.17344,  0.64369,  1.49470,  2.36673,  2.87225)
X44522: -1.30139 (-0.55798, -0.18402,  0.49298,  1.16163,  1.54297)
X65887: -1.26837 (-0.51735, -0.14738,  0.55240,  1.28090,  1.71136)
X86539: -1.23618 (-1.08631, -0.72227, -0.02553,  0.63996,  0.99548)
X58326: -1.23467 (-1.71699, -1.32488, -0.59990,  0.12881,  0.54351)
X86541: -1.20973 (-1.25444, -0.86422, -0.06709,  0.69479,  1.15278)
X58325: -1.18290 (-2.15357, -1.77353, -1.06513, -0.35494,  0.02789)
X69176: -1.15793 (-0.87660, -0.53569,  0.19038,  0.89541,  1.29463)
X86542: -1.15447 (-1.39887, -0.93960, -0.16819,  0.58756,  1.00597)
X86543: -1.13855 (-1.47322, -1.07713, -0.32205,  0.44512,  0.86275)
X29507: -1.13854 (-0.47742, -0.02272,  0.85798,  1.78179,  2.26590)
X71306:  1.13490 (-1.34184, -0.94896, -0.22680,  0.48693,  0.88855)
X34004:  1.12038 (-1.48055, -1.12809, -0.43444,  0.29819,  0.68666)
X27546: -1.11694 (-1.92987, -1.40284, -0.46227,  0.38256,  0.85797)
X75548: -1.10336 (-1.86383, -1.31183, -0.43181,  0.40741,  0.87493)
