PD...
Mean: (2.5%, 10%, 50%, 90%, 97.5%)
X10472:  0.60386 (-0.41750, -0.28548, -0.03029,  0.21343,  0.34227)
X66820: -0.53176 (-0.32332, -0.19938,  0.03547,  0.26923,  0.40069)
X13105: -0.45885 (-0.34936, -0.22475,  0.01958,  0.24786,  0.38010)
X79056: -0.38925 (-0.22574, -0.11080,  0.11975,  0.33322,  0.45588)
X86539:  0.38744 (-0.14719, -0.02591,  0.19568,  0.41546,  0.54151)
X86541:  0.38462 (-0.31383, -0.14785,  0.13483,  0.42939,  0.56964)
X86543:  0.37832 (-0.04526,  0.06304,  0.28323,  0.50382,  0.62732)
X86542:  0.37282 (-0.54489, -0.43751, -0.21709,  0.00225,  0.11231)
X82900:  0.33033 (-0.45694, -0.33264, -0.12008,  0.08814,  0.19735)
X21382:  0.33023 (-0.61820, -0.49287, -0.25156, -0.00821,  0.12384)
X59690:  0.32992 (-0.37197, -0.24331, -0.00296,  0.23602,  0.36505)
X27546:  0.30733 (-0.41759, -0.30007, -0.08186,  0.14084,  0.25893)
X66772:  0.30552 (-0.47214, -0.34182, -0.11054,  0.12097,  0.25329)
X82443:  0.30012 (-0.44110, -0.31412, -0.05882,  0.18821,  0.31410)
X37710: -0.29121 ( 0.24664,  0.37519,  0.60414,  0.83260,  0.95496)
X70551: -0.28651 (-0.62917, -0.49316, -0.25494, -0.01710,  0.10774)
 X4680:  0.28416 (-0.37871, -0.25881, -0.02996,  0.19670,  0.32732)
X86806:  0.28348 (-0.38524, -0.26391, -0.03379,  0.20216,  0.32362)
X67624:  0.28193 (-0.46361, -0.33278, -0.09352,  0.15321,  0.29398)
X71254: -0.26947 (-0.47010, -0.34013, -0.09330,  0.15061,  0.28643)
