Mass...
Mean: (2.5%, 10%, 50%, 90%, 97.5%)
X34862:  0.02086 (-0.02780, -0.02105, -0.00848,  0.00437,  0.01143)
X29507: -0.01804 (-0.02891, -0.02184, -0.00922,  0.00315,  0.01002)
X44522: -0.01643 (-0.02784, -0.02111, -0.00878,  0.00422,  0.01116)
X40856:  0.01529 (-0.02677, -0.02058, -0.00902,  0.00242,  0.00828)
X89362:  0.01518 (-0.00535,  0.00140,  0.01322,  0.02506,  0.03090)
X65887: -0.01516 (-0.02369, -0.01626, -0.00302,  0.01058,  0.01751)
X36978:  0.01515 (-0.01232, -0.00610,  0.00530,  0.01708,  0.02303)
X89363:  0.01495 (-0.01586, -0.00965,  0.00216,  0.01424,  0.02049)
X89364:  0.01475 (-0.00768, -0.00211,  0.00918,  0.02009,  0.02590)
X17757: -0.01396 (-0.01958, -0.01311, -0.00137,  0.01048,  0.01697)
X69174: -0.01372 (-0.02001, -0.01346, -0.00094,  0.01127,  0.01795)
X21382: -0.01345 (-0.02191, -0.01578, -0.00411,  0.00713,  0.01337)
X28982:  0.01336 (-0.01121, -0.00519,  0.00644,  0.01796,  0.02437)
X65930:  0.01322 (-0.03162, -0.02445, -0.01154,  0.00103,  0.00797)
 X4293:  0.01317 (-0.02516, -0.01872, -0.00660,  0.00550,  0.01242)
X65931:  0.01310 (-0.00722, -0.00006,  0.01285,  0.02609,  0.03323)
X65932:  0.01307 (-0.01846, -0.01186,  0.00026,  0.01246,  0.01891)
X37952:  0.01307 (-0.01931, -0.01297, -0.00104,  0.01078,  0.01711)
X10914:  0.01292 (-0.02489, -0.01583,  0.00084,  0.01704,  0.02580)
X68674:  0.01280 (-0.02429, -0.01596,  0.00062,  0.01723,  0.02532)
